<signer num, quorum sig num, gas cost> for cbr relay tx

max number of sigs to reach quorum: 3
4	3	112665
5	3	115160
6	3	117601
7	3	120096
8	3	122502
9	3	125037
10	3	127443
11	3	129907
12	3	132330
per signer cost: 2459

max number of sigs to reach quorum: 6
5	4	120512
6	5	128293
7	5	130776
8	6	138636
9	6	141121
10	6	143510
11	6	146027
12	6	148436
13	6	150888
14	6	153381
15	6	155867
per signer cost: 3536

max number of sigs to reach quorum: 10
10	7	148909
11	8	156685
12	9	164434
13	9	166977
14	10	174806
15	10	177265
16	10	179681
17	10	182202
18	10	184659
19	10	187133
20	10	189424
21	10	192138
per signer cost: 3930

max number of sigs to reach quorum: 15
15	11	182624
16	11	184987
17	12	192976
18	13	200806
19	13	203201
20	14	210955
21	15	218884
per signer cost: 6044

